SEASON,DATE,TEAM,OPPONENT,HOME_TEAM,MP,FGM,FGA,FG%,2PT_FGM,2PT_FGA,2PT_FG%,3PT_FGM,3PT_FGA,3PT_FG%,FTM,FTA,FT%,ORB,DRB,TRB,AST,STL,BLK,TOV,PF,PTS,GMSC,+/-,TS%,EFG%,3PAR,FTR,ORB%,DRB%,TRB%,AST%,STL%,BLK%,TOV%,USG%,ORTG,DRTG,BPM
2008-09,2008-11-04,CEL,ROC,ROC,0.0,0,0,0.0,0,0,0.0,0,0,0.0,0,0,0.0,0,0,0,0,0,0,0,0,0,0.0,0,0.0,0.0,0.0,0.0,0.0,0.0,0.0,0.0,0.0,0.0,0.0,0.0,0,0,0.0
2008-09,2008-11-05,CEL,THU,THU,0.0,0,0,0.0,0,0,0.0,0,0,0.0,0,0,0.0,0,0,0,0,0,0,0,0,0,0.0,0,0.0,0.0,0.0,0.0,0.0,0.0,0.0,0.0,0.0,0.0,0.0,0.0,0,0,0.0
2008-09,2008-11-07,CEL,BUC,CEL,3.97,1,2,0.5,1,2,0.5,0,0,0.0,0,0,0.0,0,0,0,0,0,0,1,1,2,-0.4,-6,0.5,0.5,0.0,0.0,0.0,0.0,0.0,0.0,0.0,0.0,33.3,33.3,57,103,-20.6
2008-09,2008-11-09,CEL,PIS,PIS,1.63,0,0,0.0,0,0,0.0,0,0,0.0,0,0,0.0,0,0,0,0,0,0,0,0,0,0.0,-4,0.0,0.0,0.0,0.0,0.0,0.0,0.0,0.0,0.0,0.0,0.0,0.0,0,97,-2.6
2008-09,2008-11-10,CEL,RAP,CEL,0.0,0,0,0.0,0,0,0.0,0,0,0.0,0,0,0.0,0,0,0,0,0,0,0,0,0,0.0,0,0.0,0.0,0.0,0.0,0.0,0.0,0.0,0.0,0.0,0.0,0.0,0.0,0,0,0.0
2008-09,2008-11-12,CEL,HAW,CEL,0.0,0,0,0.0,0,0,0.0,0,0,0.0,0,0,0.0,0,0,0,0,0,0,0,0,0,0.0,0,0.0,0.0,0.0,0.0,0.0,0.0,0.0,0.0,0.0,0.0,0.0,0.0,0,0,0.0
2008-09,2009-01-12,CEL,RAP,CEL,0.0,0,0,0.0,0,0,0.0,0,0,0.0,0,0,0.0,0,0,0,0,0,0,0,0,0,0.0,0,0.0,0.0,0.0,0.0,0.0,0.0,0.0,0.0,0.0,0.0,0.0,0.0,0,0,0.0
2008-09,2009-01-14,CEL,NNE,CEL,12.0,3,4,0.75,3,4,0.75,0,0,0.0,0,0,0.0,0,2,2,1,0,0,0,2,6,4.9,4,0.75,0.75,0.0,0.0,0.0,17.4,10.4,12.5,0.0,0.0,0.0,15.6,159,101,1.9
2008-09,2009-01-17,CEL,NNE,NNE,12.1,1,3,0.333,1,2,0.5,0,1,0.0,4,4,1.0,0,3,3,0,0,0,2,5,6,1.2,-3,0.63,0.333,0.333,1.333,0.0,28.3,16.3,0.0,0.0,0.0,29.6,27.4,91,92,-15.2
2008-09,2009-01-19,CEL,SUN,CEL,5.53,3,3,1.0,3,3,1.0,0,0,0.0,1,2,0.5,0,0,0,0,0,0,0,1,7,5.3,-6,0.902,1.0,0.0,0.667,0.0,0.0,0.0,0.0,0.0,0.0,0.0,30.0,173,96,18.7
2008-09,2009-01-22,CEL,MAG,MAG,0.0,0,0,0.0,0,0,0.0,0,0,0.0,0,0,0.0,0,0,0,0,0,0,0,0,0,0.0,0,0.0,0.0,0.0,0.0,0.0,0.0,0.0,0.0,0.0,0.0,0.0,0.0,0,0,0.0
2008-09,2009-01-25,CEL,MAV,CEL,12.0,2,4,0.5,2,4,0.5,0,0,0.0,2,2,1.0,0,0,0,2,0,0,0,2,6,4.6,-1,0.615,0.5,0.0,0.5,0.0,0.0,0.0,19.0,0.0,0.0,0.0,18.7,145,121,-0.4
2008-09,2009-01-28,CEL,KIN,CEL,4.03,0,1,0.0,0,1,0.0,0,0,0.0,1,2,0.5,0,0,0,1,0,0,1,1,1,-0.8,-3,0.266,0.0,0.0,2.0,0.0,0.0,0.0,27.0,0.0,0.0,34.7,33.3,57,121,-26.7
2008-09,2009-01-30,CEL,PIS,PIS,0.0,0,0,0.0,0,0,0.0,0,0,0.0,0,0,0.0,0,0,0,0,0,0,0,0,0,0.0,0,0.0,0.0,0.0,0.0,0.0,0.0,0.0,0.0,0.0,0.0,0.0,0.0,0,0,0.0
2008-09,2009-02-01,CEL,TIM,CEL,0.0,0,0,0.0,0,0,0.0,0,0,0.0,0,0,0.0,0,0,0,0,0,0,0,0,0,0.0,0,0.0,0.0,0.0,0.0,0.0,0.0,0.0,0.0,0.0,0.0,0.0,0.0,0,0,0.0
2008-09,2009-02-03,CEL,76E,76E,0.0,0,0,0.0,0,0,0.0,0,0,0.0,0,0,0.0,0,0,0,0,0,0,0,0,0,0.0,0,0.0,0.0,0.0,0.0,0.0,0.0,0.0,0.0,0.0,0.0,0.0,0.0,0,0,0.0
2008-09,2009-02-05,CEL,LAK,CEL,0.0,0,0,0.0,0,0,0.0,0,0,0.0,0,0,0.0,0,0,0,0,0,0,0,0,0,0.0,0,0.0,0.0,0.0,0.0,0.0,0.0,0.0,0.0,0.0,0.0,0.0,0.0,0,0,0.0
2008-09,2009-02-06,CEL,KNI,KNI,0.0,0,0,0.0,0,0,0.0,0,0,0.0,0,0,0.0,0,0,0,0,0,0,0,0,0,0.0,0,0.0,0.0,0.0,0.0,0.0,0.0,0.0,0.0,0.0,0.0,0.0,0.0,0,0,0.0
2008-09,2009-02-08,CEL,SPU,CEL,0.0,0,0,0.0,0,0,0.0,0,0,0.0,0,0,0.0,0,0,0,0,0,0,0,0,0,0.0,0,0.0,0.0,0.0,0.0,0.0,0.0,0.0,0.0,0.0,0.0,0.0,0.0,0,0,0.0
2008-09,2009-02-11,CEL,NHO,NHO,2.03,0,0,0.0,0,0,0.0,0,0,0.0,0,0,0.0,0,1,1,0,0,0,0,0,0,0.3,-4,0.0,0.0,0.0,0.0,0.0,65.6,31.5,0.0,0.0,0.0,0.0,0.0,0,84,-0.9
2008-09,2009-02-12,CEL,MAV,MAV,0.0,0,0,0.0,0,0,0.0,0,0,0.0,0,0,0.0,0,0,0,0,0,0,0,0,0,0.0,0,0.0,0.0,0.0,0.0,0.0,0.0,0.0,0.0,0.0,0.0,0.0,0.0,0,0,0.0
2008-09,2009-02-19,CEL,JAZ,JAZ,0.0,0,0,0.0,0,0,0.0,0,0,0.0,0,0,0.0,0,0,0,0,0,0,0,0,0,0.0,0,0.0,0.0,0.0,0.0,0.0,0.0,0.0,0.0,0.0,0.0,0.0,0.0,0,0,0.0
2008-09,2009-02-22,CEL,SUN,SUN,2.27,1,1,1.0,1,1,1.0,0,0,0.0,0,0,0.0,1,0,1,0,1,0,1,1,2,2.0,-1,1.0,1.0,0.0,0.0,78.4,0.0,32.1,0.0,21.1,0.0,50.0,38.6,105,67,19.0
2008-09,2009-02-23,CEL,NUG,NUG,9.93,2,3,0.667,2,3,0.667,0,0,0.0,0,0,0.0,0,0,0,1,1,1,2,3,4,1.9,5,0.667,0.667,0.0,0.0,0.0,0.0,0.0,15.4,5.4,9.5,40.0,23.6,78,78,-1.6
2008-09,2009-02-25,CEL,CLI,CLI,0.0,0,0,0.0,0,0,0.0,0,0,0.0,0,0,0.0,0,0,0,0,0,0,0,0,0,0.0,0,0.0,0.0,0.0,0.0,0.0,0.0,0.0,0.0,0.0,0.0,0.0,0.0,0,0,0.0
2008-09,2009-02-27,CEL,PAC,CEL,0.0,0,0,0.0,0,0,0.0,0,0,0.0,0,0,0.0,0,0,0,0,0,0,0,0,0,0.0,0,0.0,0.0,0.0,0.0,0.0,0.0,0.0,0.0,0.0,0.0,0.0,0.0,0,0,0.0
2008-09,2009-03-01,CEL,PIS,CEL,0.32,0,0,0.0,0,0,0.0,0,0,0.0,0,0,0.0,0,0,0,0,0,0,0,0,0,0.0,0,0.0,0.0,0.0,0.0,0.0,0.0,0.0,0.0,0.0,0.0,0.0,0.0,0,134,-5.6
2008-09,2009-03-04,CEL,NNE,NNE,6.97,1,1,1.0,1,1,1.0,0,0,0.0,0,0,0.0,0,2,2,1,0,0,0,1,2,2.6,-3,1.0,1.0,0.0,0.0,0.0,37.2,21.2,20.2,0.0,0.0,0.0,6.9,206,122,5.8
2008-09,2009-03-06,CEL,CAV,CEL,0.83,0,0,0.0,0,0,0.0,0,0,0.0,0,0,0.0,0,0,0,0,0,0,0,0,0,0.0,0,0.0,0.0,0.0,0.0,0.0,0.0,0.0,0.0,0.0,0.0,0.0,0.0,0,120,-5.9
2008-09,2009-03-08,CEL,MAG,CEL,0.0,0,0,0.0,0,0,0.0,0,0,0.0,0,0,0.0,0,0,0,0,0,0,0,0,0,0.0,0,0.0,0.0,0.0,0.0,0.0,0.0,0.0,0.0,0.0,0.0,0.0,0.0,0,0,0.0
2008-09,2009-03-11,CEL,HEA,HEA,14.38,2,3,0.667,2,3,0.667,0,0,0.0,4,6,0.667,1,0,1,2,2,0,1,4,8,7.4,12,0.709,0.667,0.0,2.0,8.1,0.0,4.2,25.4,7.5,0.0,15.1,21.2,137,112,10.3
2008-09,2009-03-13,CEL,GRI,CEL,18.67,2,4,0.5,2,4,0.5,0,0,0.0,2,2,1.0,0,1,1,1,1,0,1,5,6,3.0,-1,0.615,0.5,0.0,0.5,0.0,6.1,3.2,7.8,3.0,0.0,17.0,15.3,112,109,-6.5
2008-09,2009-03-15,CEL,BUC,BUC,4.6,0,0,0.0,0,0,0.0,0,0,0.0,0,0,0.0,0,0,0,0,0,0,1,1,0,-1.4,2,0.0,0.0,0.0,0.0,0.0,0.0,0.0,0.0,0.0,0.0,100.0,9.5,0,108,-18.4
2008-09,2009-03-17,CEL,BUL,BUL,13.62,3,4,0.75,3,4,0.75,0,0,0.0,0,0,0.0,1,1,2,0,0,0,0,4,6,3.8,-1,0.75,0.75,0.0,0.0,8.2,9.8,8.9,0.0,0.0,0.0,0.0,12.6,159,131,-2.9
2008-09,2009-03-18,CEL,HEA,CEL,12.58,2,4,0.5,2,4,0.5,0,0,0.0,0,1,0.0,2,1,3,0,0,0,2,2,4,0.5,-24,0.45,0.5,0.0,0.25,24.1,9.8,16.2,0.0,0.0,0.0,31.1,26.4,76,117,-17.0
2008-09,2009-03-20,CEL,SPU,SPU,0.12,0,0,0.0,0,0,0.0,0,0,0.0,0,0,0.0,0,0,0,0,0,0,0,0,0,0.0,0,0.0,0.0,0.0,0.0,0.0,0.0,0.0,0.0,0.0,0.0,0.0,0.0,0,100,-7.9
2008-09,2009-03-21,CEL,GRI,GRI,10.23,3,4,0.75,3,4,0.75,0,0,0.0,0,0,0.0,0,0,0,0,0,0,0,2,6,3.6,-4,0.75,0.75,0.0,0.0,0.0,0.0,0.0,0.0,0.0,0.0,0.0,18.9,140,108,-1.2
2008-09,2009-03-23,CEL,CLI,CEL,8.72,2,3,0.667,2,3,0.667,0,0,0.0,0,0,0.0,0,1,1,0,0,0,1,2,4,1.2,-13,0.667,0.667,0.0,0.0,0.0,14.5,7.5,0.0,0.0,0.0,25.0,23.3,83,93,-9.5
2008-09,2009-03-25,CEL,MAG,MAG,3.2,0,0,0.0,0,0,0.0,0,0,0.0,0,0,0.0,0,0,0,0,0,0,0,2,0,-0.8,-4,0.0,0.0,0.0,0.0,0.0,0.0,0.0,0.0,0.0,0.0,0.0,0.0,0,107,-15.9
2008-09,2009-03-27,CEL,HAW,HAW,6.65,0,1,0.0,0,1,0.0,0,0,0.0,0,0,0.0,1,1,2,1,1,0,2,2,0,-0.8,3,0.0,0.0,0.0,0.0,17.2,15.4,16.2,19.5,8.3,0.0,66.7,21.4,37,91,-13.2
2008-09,2009-03-29,CEL,THU,CEL,11.88,1,3,0.333,1,3,0.333,0,0,0.0,2,2,1.0,1,4,5,1,0,1,0,3,4,4.4,8,0.515,0.333,0.0,0.667,10.1,36.7,24.0,11.6,0.0,5.2,0.0,14.8,140,87,2.7
2008-09,2009-04-01,CEL,BOB,CEL,2.63,0,0,0.0,0,0,0.0,0,0,0.0,0,0,0.0,0,0,0,0,0,0,0,0,0,0.0,-4,0.0,0.0,0.0,0.0,0.0,0.0,0.0,0.0,0.0,0.0,0.0,0.0,0,123,-5.1
2008-09,2009-04-03,CEL,HAW,CEL,3.52,1,1,1.0,1,1,1.0,0,0,0.0,0,0,0.0,0,0,0,0,0,0,0,0,2,1.7,-6,1.0,1.0,0.0,0.0,0.0,0.0,0.0,0.0,0.0,0.0,0.0,13.6,200,114,6.7
2008-09,2009-04-08,CEL,NNE,CEL,0.0,0,0,0.0,0,0,0.0,0,0,0.0,0,0,0.0,0,0,0,0,0,0,0,0,0,0.0,0,0.0,0.0,0.0,0.0,0.0,0.0,0.0,0.0,0.0,0.0,0.0,0.0,0,0,0.0
2008-09,2009-04-10,CEL,HEA,CEL,1.4,1,1,1.0,1,1,1.0,0,0,0.0,0,0,0.0,0,0,0,0,0,0,0,0,2,1.7,2,1.0,1.0,0.0,0.0,0.0,0.0,0.0,0.0,0.0,0.0,0.0,33.5,200,120,29.7
2008-09,2009-04-12,CEL,CAV,CAV,8.13,1,3,0.333,1,3,0.333,0,0,0.0,0,0,0.0,0,1,1,0,0,0,1,4,2,-2.0,-1,0.333,0.333,0.0,0.0,0.0,21.1,8.0,0.0,0.0,0.0,25.0,23.4,47,123,-24.5
2008-09,2009-04-14,CEL,76E,76E,0.0,0,0,0.0,0,0,0.0,0,0,0.0,0,0,0.0,0,0,0,0,0,0,0,0,0,0.0,0,0.0,0.0,0.0,0.0,0.0,0.0,0.0,0.0,0.0,0.0,0.0,0.0,0,0,0.0
2008-09,2009-04-15,CEL,WIZ,CEL,21.9,4,5,0.8,4,5,0.8,0,0,0.0,0,2,0.0,1,3,4,2,0,0,2,3,8,5.1,-7,0.68,0.8,0.0,0.4,5.6,17.8,11.5,12.1,0.0,0.0,25.4,15.5,104,115,-4.7
2008-09,2009-04-18,CEL,BUL,CEL,0.0,0,0,0.0,0,0,0.0,0,0,0.0,0,0,0.0,0,0,0,0,0,0,0,0,0,0.0,0,0.0,0.0,0.0,0.0,0.0,0.0,0.0,0.0,0.0,0.0,0.0,0.0,0,0,0.0
2008-09,2009-04-20,CEL,BUL,CEL,0.0,0,0,0.0,0,0,0.0,0,0,0.0,0,0,0.0,0,0,0,0,0,0,0,0,0,0.0,0,0.0,0.0,0.0,0.0,0.0,0.0,0.0,0.0,0.0,0.0,0.0,0.0,0,0,0.0
2008-09,2009-04-23,CEL,BUL,BUL,2.67,0,0,0.0,0,0,0.0,0,0,0.0,0,0,0.0,0,0,0,0,1,0,1,0,0,0.0,-6,0.0,0.0,0.0,0.0,0.0,0.0,0.0,0.0,19.3,0.0,100.0,17.6,0,67,-4.3
2008-09,2009-04-26,CEL,BUL,BUL,0.0,0,0,0.0,0,0,0.0,0,0,0.0,0,0,0.0,0,0,0,0,0,0,0,0,0,0.0,0,0.0,0.0,0.0,0.0,0.0,0.0,0.0,0.0,0.0,0.0,0.0,0.0,0,0,0.0
2008-09,2009-04-28,CEL,BUL,CEL,0.0,0,0,0.0,0,0,0.0,0,0,0.0,0,0,0.0,0,0,0,0,0,0,0,0,0,0.0,0,0.0,0.0,0.0,0.0,0.0,0.0,0.0,0.0,0.0,0.0,0.0,0.0,0,0,0.0
2008-09,2009-04-30,CEL,BUL,BUL,0.0,0,0,0.0,0,0,0.0,0,0,0.0,0,0,0.0,0,0,0,0,0,0,0,0,0,0.0,0,0.0,0.0,0.0,0.0,0.0,0.0,0.0,0.0,0.0,0.0,0.0,0.0,0,0,0.0
2008-09,2009-05-02,CEL,BUL,CEL,0.0,0,0,0.0,0,0,0.0,0,0,0.0,0,0,0.0,0,0,0,0,0,0,0,0,0,0.0,0,0.0,0.0,0.0,0.0,0.0,0.0,0.0,0.0,0.0,0.0,0.0,0.0,0,0,0.0
2008-09,2009-05-04,CEL,MAG,CEL,0.0,0,0,0.0,0,0,0.0,0,0,0.0,0,0,0.0,0,0,0,0,0,0,0,0,0,0.0,0,0.0,0.0,0.0,0.0,0.0,0.0,0.0,0.0,0.0,0.0,0.0,0.0,0,0,0.0
2008-09,2009-05-06,CEL,MAG,CEL,1.67,0,1,0.0,0,1,0.0,0,0,0.0,0,0,0.0,0,0,0,0,0,0,0,1,0,-1.1,-2,0.0,0.0,0.0,0.0,0.0,0.0,0.0,0.0,0.0,0.0,0.0,28.5,0,107,-45.0
2008-09,2009-05-08,CEL,MAG,MAG,3.83,0,1,0.0,0,1,0.0,0,0,0.0,2,2,1.0,0,0,0,0,1,0,1,1,2,0.9,-1,0.532,0.0,0.0,2.0,0.0,0.0,0.0,0.0,13.2,0.0,34.7,34.5,73,100,-5.6
2008-09,2009-05-10,CEL,MAG,MAG,0.0,0,0,0.0,0,0,0.0,0,0,0.0,0,0,0.0,0,0,0,0,0,0,0,0,0,0.0,0,0.0,0.0,0.0,0.0,0.0,0.0,0.0,0.0,0.0,0.0,0.0,0.0,0,0,0.0
2008-09,2009-05-12,CEL,MAG,CEL,0.0,0,0,0.0,0,0,0.0,0,0,0.0,0,0,0.0,0,0,0,0,0,0,0,0,0,0.0,0,0.0,0.0,0.0,0.0,0.0,0.0,0.0,0.0,0.0,0.0,0.0,0.0,0,0,0.0
2008-09,2009-05-14,CEL,MAG,MAG,0.0,0,0,0.0,0,0,0.0,0,0,0.0,0,0,0.0,0,0,0,0,0,0,0,0,0,0.0,0,0.0,0.0,0.0,0.0,0.0,0.0,0.0,0.0,0.0,0.0,0.0,0.0,0,0,0.0
2008-09,2009-05-17,CEL,MAG,CEL,2.13,0,0,0.0,0,0,0.0,0,0,0.0,0,0,0.0,0,0,0,0,0,0,0,0,0,0.0,4,0.0,0.0,0.0,0.0,0.0,0.0,0.0,0.0,0.0,0.0,0.0,0.0,0,120,-7.7
2009-10,2009-11-11,CEL,JAZ,CEL,2.12,0,0,0.0,0,0,0.0,0,0,0.0,0,0,0.0,0,0,0,0,0,0,0,0,0,0.0,-4,0.0,0.0,0.0,0.0,0.0,0.0,0.0,0.0,0.0,0.0,0.0,0.0,0,108,-4.0
2009-10,2009-12-27,CEL,CLI,CLI,0.0,0,0,0.0,0,0,0.0,0,0,0.0,0,0,0.0,0,0,0,0,0,0,0,0,0,0.0,0,0.0,0.0,0.0,0.0,0.0,0.0,0.0,0.0,0.0,0.0,0.0,0.0,0,0,0.0
2009-10,2009-12-28,CEL,WAR,WAR,0.0,0,0,0.0,0,0,0.0,0,0,0.0,0,0,0.0,0,0,0,0,0,0,0,0,0,0.0,0,0.0,0.0,0.0,0.0,0.0,0.0,0.0,0.0,0.0,0.0,0.0,0.0,0,0,0.0
2009-10,2009-12-30,CEL,SUN,SUN,3.38,0,0,0.0,0,0,0.0,0,0,0.0,0,0,0.0,0,1,1,0,0,0,0,1,0,-0.1,-3,0.0,0.0,0.0,0.0,0.0,38.3,17.7,0.0,0.0,0.0,0.0,0.0,0,122,-10.9
2009-10,2010-01-02,CEL,RAP,CEL,0.0,0,0,0.0,0,0,0.0,0,0,0.0,0,0,0.0,0,0,0,0,0,0,0,0,0,0.0,0,0.0,0.0,0.0,0.0,0.0,0.0,0.0,0.0,0.0,0.0,0.0,0.0,0,0,0.0
2009-10,2010-01-06,CEL,HEA,HEA,0.0,0,0,0.0,0,0,0.0,0,0,0.0,0,0,0.0,0,0,0,0,0,0,0,0,0,0.0,0,0.0,0.0,0.0,0.0,0.0,0.0,0.0,0.0,0.0,0.0,0.0,0.0,0,0,0.0
2009-10,2010-01-08,CEL,HAW,HAW,0.0,0,0,0.0,0,0,0.0,0,0,0.0,0,0,0.0,0,0,0,0,0,0,0,0,0,0.0,0,0.0,0.0,0.0,0.0,0.0,0.0,0.0,0.0,0.0,0.0,0.0,0.0,0,0,0.0
2009-10,2010-01-10,CEL,RAP,RAP,0.0,0,0,0.0,0,0,0.0,0,0,0.0,0,0,0.0,0,0,0,0,0,0,0,0,0,0.0,0,0.0,0.0,0.0,0.0,0.0,0.0,0.0,0.0,0.0,0.0,0.0,0.0,0,0,0.0
2009-10,2010-01-11,CEL,HAW,CEL,0.0,0,0,0.0,0,0,0.0,0,0,0.0,0,0,0.0,0,0,0,0,0,0,0,0,0,0.0,0,0.0,0.0,0.0,0.0,0.0,0.0,0.0,0.0,0.0,0.0,0.0,0.0,0,0,0.0
2009-10,2010-01-13,CEL,NNE,NNE,6.05,3,4,0.75,3,4,0.75,0,0,0.0,0,0,0.0,0,2,2,2,0,0,0,2,6,5.6,2,0.75,0.75,0.0,0.0,0.0,37.8,19.1,82.7,0.0,0.0,0.0,29.3,162,93,19.2
2009-10,2010-01-14,CEL,BUL,CEL,0.0,0,0,0.0,0,0,0.0,0,0,0.0,0,0,0.0,0,0,0,0,0,0,0,0,0,0.0,0,0.0,0.0,0.0,0.0,0.0,0.0,0.0,0.0,0.0,0.0,0.0,0.0,0,0,0.0
2009-10,2010-01-18,CEL,MAV,CEL,0.7,0,0,0.0,0,0,0.0,0,0,0.0,0,0,0.0,0,0,0,0,0,0,0,0,0,0.0,2,0.0,0.0,0.0,0.0,0.0,0.0,0.0,0.0,0.0,0.0,0.0,0.0,0,119,-7.4
2009-10,2010-01-20,CEL,PIS,PIS,2.8,0,0,0.0,0,0,0.0,0,0,0.0,0,0,0.0,0,1,1,1,0,0,0,0,0,1.0,1,0.0,0.0,0.0,0.0,0.0,39.9,21.4,57.1,0.0,0.0,0.0,0.0,217,97,11.4
2009-10,2010-01-22,CEL,BLA,CEL,0.0,0,0,0.0,0,0,0.0,0,0,0.0,0,0,0.0,0,0,0,0,0,0,0,0,0,0.0,0,0.0,0.0,0.0,0.0,0.0,0.0,0.0,0.0,0.0,0.0,0.0,0.0,0,0,0.0
2009-10,2010-01-25,CEL,CLI,CEL,3.22,0,0,0.0,0,0,0.0,0,0,0.0,0,0,0.0,0,0,0,0,0,0,0,1,0,-0.4,-9,0.0,0.0,0.0,0.0,0.0,0.0,0.0,0.0,0.0,0.0,0.0,0.0,0,103,-11.4
2009-10,2010-01-28,CEL,MAG,MAG,0.0,0,0,0.0,0,0,0.0,0,0,0.0,0,0,0.0,0,0,0,0,0,0,0,0,0,0.0,0,0.0,0.0,0.0,0.0,0.0,0.0,0.0,0.0,0.0,0.0,0.0,0.0,0,0,0.0
2009-10,2010-01-29,CEL,HAW,HAW,0.0,0,0,0.0,0,0,0.0,0,0,0.0,0,0,0.0,0,0,0,0,0,0,0,0,0,0.0,0,0.0,0.0,0.0,0.0,0.0,0.0,0.0,0.0,0.0,0.0,0.0,0.0,0,0,0.0
2009-10,2010-01-31,CEL,LAK,CEL,0.0,0,0,0.0,0,0,0.0,0,0,0.0,0,0,0.0,0,0,0,0,0,0,0,0,0,0.0,0,0.0,0.0,0.0,0.0,0.0,0.0,0.0,0.0,0.0,0.0,0.0,0.0,0,0,0.0
2009-10,2010-02-01,CEL,WIZ,WIZ,0.0,0,0,0.0,0,0,0.0,0,0,0.0,0,0,0.0,0,0,0,0,0,0,0,0,0,0.0,0,0.0,0.0,0.0,0.0,0.0,0.0,0.0,0.0,0.0,0.0,0.0,0.0,0,0,0.0
2009-10,2010-02-03,CEL,HEA,CEL,1.77,0,0,0.0,0,0,0.0,0,0,0.0,0,0,0.0,0,0,0,0,0,0,0,0,0,0.0,-3,0.0,0.0,0.0,0.0,0.0,0.0,0.0,0.0,0.0,0.0,0.0,0.0,0,121,-6.4
2009-10,2010-02-05,CEL,NNE,CEL,9.35,0,2,0.0,0,2,0.0,0,0,0.0,2,2,1.0,0,1,1,0,0,0,2,0,2,-1.1,4,0.347,0.0,0.0,1.0,0.0,13.9,7.4,0.0,0.0,0.0,41.0,26.4,44,106,-21.1
2009-10,2010-02-10,CEL,NHO,NHO,0.0,0,0,0.0,0,0,0.0,0,0,0.0,0,0,0.0,0,0,0,0,0,0,0,0,0,0.0,0,0.0,0.0,0.0,0.0,0.0,0.0,0.0,0.0,0.0,0.0,0.0,0.0,0,0,0.0
2009-10,2010-02-20,KNI,THU,KNI,0.0,0,0,0.0,0,0,0.0,0,0,0.0,0,0,0.0,0,0,0,0,0,0,0,0,0,0.0,0,0.0,0.0,0.0,0.0,0.0,0.0,0.0,0.0,0.0,0.0,0.0,0.0,0,0,0.0
2009-10,2010-02-22,KNI,BUC,KNI,0.0,0,0,0.0,0,0,0.0,0,0,0.0,0,0,0.0,0,0,0,0,0,0,0,0,0,0.0,0,0.0,0.0,0.0,0.0,0.0,0.0,0.0,0.0,0.0,0.0,0.0,0.0,0,0,0.0
2009-10,2010-02-23,KNI,CEL,CEL,12.7,3,5,0.6,2,2,1.0,1,3,0.333,0,0,0.0,1,1,2,1,0,0,1,4,7,3.8,-1,0.7,0.7,0.6,0.0,9.7,10.5,10.1,12.3,0.0,0.0,16.7,21.7,121,121,-4.0
2009-10,2010-02-26,KNI,WIZ,WIZ,13.47,1,2,0.5,1,2,0.5,0,0,0.0,0,0,0.0,2,0,2,0,1,0,3,2,2,-0.4,3,0.5,0.5,0.0,0.0,17.9,0.0,8.9,0.0,3.6,0.0,60.0,15.9,57,108,-14.3
2009-10,2010-02-27,KNI,GRI,KNI,24.6,3,7,0.429,2,3,0.667,1,4,0.25,1,2,0.5,0,1,1,0,0,0,0,2,8,3.4,6,0.508,0.5,0.571,0.286,0.0,4.3,2.3,0.0,0.0,0.0,0.0,15.6,97,135,-10.4
2009-10,2010-03-01,KNI,CAV,CAV,35.4,9,14,0.643,7,9,0.778,2,5,0.4,1,2,0.5,0,5,5,1,1,1,0,3,21,17.1,-12,0.706,0.714,0.357,0.143,0.0,15.8,7.5,5.7,1.3,1.9,0.0,18.8,127,119,4.1
2009-10,2010-03-03,KNI,PIS,KNI,36.45,9,13,0.692,9,12,0.75,0,1,0.0,4,6,0.667,1,1,2,3,1,0,0,5,22,17.8,20,0.703,0.692,0.077,0.462,3.8,2.6,3.1,11.2,1.4,0.0,0.0,19.7,150,115,-0.9
2009-10,2010-03-05,KNI,RAP,RAP,25.55,4,6,0.667,4,6,0.667,0,0,0.0,0,0,0.0,1,3,4,1,0,1,1,3,8,6.2,0,0.667,0.667,0.0,0.0,5.1,12.5,9.2,6.0,0.0,2.4,14.3,13.0,118,111,-1.6
2009-10,2010-03-06,KNI,NNE,KNI,27.42,2,4,0.5,2,3,0.667,0,1,0.0,0,0,0.0,1,5,6,0,2,0,0,1,4,5.8,-23,0.5,0.5,0.25,0.0,4.0,20.4,12.1,0.0,3.9,0.0,0.0,6.8,115,117,-3.9
2009-10,2010-03-08,KNI,HAW,KNI,24.87,3,5,0.6,1,2,0.5,2,3,0.667,0,0,0.0,0,4,4,2,0,0,1,2,8,6.5,2,0.8,0.8,0.6,0.0,0.0,16.4,9.5,11.6,0.0,0.0,16.7,11.7,131,106,3.7
2009-10,2010-03-10,KNI,SPU,SPU,20.93,0,1,0.0,0,1,0.0,0,0,0.0,1,2,0.5,0,1,1,0,1,0,0,1,1,0.8,11,0.266,0.0,0.0,2.0,0.0,5.5,2.6,0.0,2.6,0.0,0.0,4.4,58,113,-7.9
2009-10,2010-03-12,KNI,GRI,GRI,33.35,8,13,0.615,6,9,0.667,2,4,0.5,3,3,1.0,2,2,4,4,2,0,1,1,21,20.5,8,0.733,0.692,0.308,0.231,6.1,7.0,6.5,20.2,3.0,0.0,6.5,19.7,149,122,11.0
2009-10,2010-03-13,KNI,MAV,MAV,25.2,9,12,0.75,4,4,1.0,5,8,0.625,0,0,0.0,0,0,0,1,1,0,2,2,23,17.1,16,0.958,0.958,0.667,0.0,0.0,0.0,0.0,5.8,2.1,0.0,14.3,25.5,147,107,12.1
2009-10,2010-03-15,KNI,76E,76E,15.03,1,5,0.2,1,3,0.333,0,2,0.0,0,0,0.0,0,0,0,0,0,0,1,3,2,-3.3,-12,0.2,0.2,0.4,0.0,0.0,0.0,0.0,0.0,0.0,0.0,16.7,20.5,34,108,-24.1
2009-10,2010-03-17,KNI,CEL,CEL,23.38,4,8,0.5,4,7,0.571,0,1,0.0,0,1,0.0,0,1,1,2,1,0,2,4,8,2.7,6,0.474,0.5,0.125,0.125,0.0,5.9,2.5,14.8,2.2,0.0,19.2,19.1,83,119,-9.0
2009-10,2010-03-19,KNI,76E,KNI,32.75,4,8,0.5,1,3,0.333,3,5,0.6,4,4,1.0,0,1,1,2,2,0,0,2,15,13.9,0,0.768,0.688,0.625,0.5,0.0,3.4,1.7,13.2,3.4,0.0,0.0,14.1,175,102,10.2
2009-10,2010-03-21,KNI,ROC,KNI,29.0,2,8,0.25,1,1,1.0,1,7,0.143,0,0,0.0,0,4,4,0,1,0,3,4,5,-2.2,-12,0.313,0.313,0.875,0.0,0.0,16.6,8.6,0.0,1.7,0.0,27.3,16.5,47,118,-15.4
2009-10,2010-03-23,KNI,NUG,KNI,23.05,3,5,0.6,2,3,0.667,1,2,0.5,0,0,0.0,2,2,4,3,2,0,1,6,7,7.4,-5,0.7,0.7,0.4,0.0,10.7,11.3,11.0,21.0,4.6,0.0,16.7,12.0,141,110,4.7
2009-10,2010-03-26,KNI,SUN,SUN,23.72,3,8,0.375,1,3,0.333,2,5,0.4,2,4,0.5,0,0,0,2,0,0,1,5,10,3.2,-20,0.512,0.5,0.625,0.5,0.0,0.0,0.0,13.5,0.0,0.0,9.3,18.8,104,142,-8.1
2009-10,2010-03-29,KNI,JAZ,JAZ,21.9,3,5,0.6,0,0,0.0,3,5,0.6,0,0,0.0,0,1,1,0,1,0,1,4,9,5.4,-1,0.9,0.9,1.0,0.0,0.0,5.2,2.6,0.0,2.3,0.0,16.7,13.0,133,109,1.6
2009-10,2010-03-31,KNI,BLA,BLA,35.03,7,12,0.583,3,4,0.75,4,8,0.5,0,0,0.0,1,5,6,2,2,0,2,2,18,15.2,-5,0.75,0.75,0.667,0.0,3.3,17.6,10.3,12.2,3.0,0.0,14.3,19.7,125,126,7.4
2009-10,2010-04-02,KNI,WAR,WAR,28.93,5,9,0.556,1,4,0.25,4,5,0.8,0,0,0.0,0,2,2,1,1,0,2,5,14,8.0,7,0.778,0.778,0.556,0.0,0.0,8.7,4.0,4.8,1.6,0.0,18.2,15.3,117,123,-1.2
2009-10,2010-04-04,KNI,CLI,CLI,32.0,5,13,0.385,3,5,0.6,2,8,0.25,6,6,1.0,1,4,5,3,1,0,1,2,18,14.1,12,0.575,0.462,0.615,0.462,3.3,14.3,8.6,13.0,1.5,0.0,6.0,22.6,121,110,0.3
2009-10,2010-04-06,KNI,CEL,KNI,28.32,2,10,0.2,1,3,0.333,1,7,0.143,5,6,0.833,0,3,3,1,0,0,1,5,10,2.0,-6,0.396,0.25,0.7,0.6,0.0,15.0,6.5,4.8,0.0,0.0,7.3,20.8,91,110,-10.4
2009-10,2010-04-07,KNI,PAC,PAC,28.23,5,10,0.5,2,5,0.4,3,5,0.6,2,2,1.0,1,5,6,1,1,1,0,4,15,13.0,1,0.689,0.65,0.5,0.2,3.6,18.5,11.0,5.4,1.9,2.8,0.0,17.4,152,119,7.3
2009-10,2010-04-09,KNI,MAG,MAG,29.52,4,7,0.571,2,3,0.667,2,4,0.5,0,0,0.0,0,4,4,1,1,0,0,0,10,9.6,7,0.714,0.714,0.571,0.0,0.0,16.3,8.8,5.7,1.9,0.0,0.0,11.8,148,137,1.9
2009-10,2010-04-11,KNI,HEA,KNI,32.75,7,9,0.778,3,3,1.0,4,6,0.667,0,0,0.0,0,3,3,1,0,0,1,2,18,14.3,-9,1.0,1.0,0.667,0.0,0.0,11.0,5.8,6.4,0.0,0.0,10.0,14.6,157,127,6.7
2009-10,2010-04-12,KNI,WIZ,KNI,40.15,3,10,0.3,2,3,0.667,1,7,0.143,2,2,1.0,0,5,5,4,1,0,1,2,9,6.7,9,0.414,0.35,0.7,0.2,0.0,13.9,7.5,12.8,1.3,0.0,8.4,13.8,101,115,-4.9
2009-10,2010-04-14,KNI,RAP,RAP,35.18,8,17,0.471,2,7,0.286,6,10,0.6,6,7,0.857,2,5,7,1,0,0,0,3,28,21.3,-6,0.697,0.647,0.588,0.412,5.8,28.4,13.5,4.9,0.0,0.0,0.0,23.5,160,140,6.5
2010-11,2010-10-27,KNI,RAP,RAP,10.42,0,6,0.0,0,4,0.0,0,2,0.0,0,0,0.0,2,0,2,0,0,0,1,2,0,-4.6,3,0.0,0.0,0.333,0.0,20.0,0.0,9.8,0.0,0.0,0.0,14.3,29.2,20,105,-30.9
2010-11,2010-10-29,KNI,CEL,CEL,17.45,2,4,0.5,2,2,1.0,0,2,0.0,0,0,0.0,1,1,2,2,0,0,0,1,4,4.0,1,0.5,0.5,0.5,0.0,5.6,6.4,6.0,17.5,0.0,0.0,0.0,10.3,124,115,-2.1
2010-11,2010-10-30,KNI,BLA,KNI,17.63,3,5,0.6,0,0,0.0,3,5,0.6,0,0,0.0,0,3,3,0,0,0,1,1,9,6.2,-1,0.9,0.9,1.0,0.0,0.0,19.4,8.9,0.0,0.0,0.0,16.7,14.1,145,111,6.5
2010-11,2010-11-04,KNI,BUL,BUL,15.13,2,2,1.0,1,1,1.0,1,1,1.0,1,2,0.5,0,1,1,1,0,0,1,0,6,5.0,20,1.042,1.25,0.5,1.0,0.0,7.9,4.0,9.4,0.0,0.0,25.8,11.2,136,122,2.2
2010-11,2010-11-05,KNI,WIZ,KNI,15.05,4,6,0.667,3,4,0.75,1,2,0.5,0,0,0.0,0,1,1,1,0,0,0,2,9,6.6,1,0.75,0.75,0.333,0.0,0.0,8.6,4.1,10.2,0.0,0.0,0.0,16.9,158,103,3.8
2010-11,2010-11-07,KNI,76E,KNI,12.62,0,1,0.0,0,0,0.0,0,1,0.0,0,0,0.0,0,2,2,0,0,0,1,1,0,-1.5,-6,0.0,0.0,1.0,0.0,0.0,17.7,8.1,0.0,0.0,0.0,50.0,6.5,0,113,-15.1
2010-11,2010-11-09,KNI,BUC,BUC,20.4,1,5,0.2,1,2,0.5,0,3,0.0,0,0,0.0,0,3,3,1,0,0,3,4,2,-4.1,-6,0.2,0.2,0.6,0.0,0.0,19.1,8.9,9.2,0.0,0.0,37.5,18.2,31,121,-20.3
2010-11,2010-11-10,KNI,WAR,KNI,10.08,0,0,0.0,0,0,0.0,0,0,0.0,0,0,0.0,0,2,2,1,0,0,0,0,0,1.3,2,0.0,0.0,0.0,0.0,0.0,23.2,12.4,13.2,0.0,0.0,0.0,0.0,219,120,0.1
2010-11,2010-11-12,KNI,TIM,TIM,0.0,0,0,0.0,0,0,0.0,0,0,0.0,0,0,0.0,0,0,0,0,0,0,0,0,0,0.0,0,0.0,0.0,0.0,0.0,0.0,0.0,0.0,0.0,0.0,0.0,0.0,0.0,0,0,0.0
2010-11,2010-11-14,KNI,ROC,KNI,0.0,0,0,0.0,0,0,0.0,0,0,0.0,0,0,0.0,0,0,0,0,0,0,0,0,0,0.0,0,0.0,0.0,0.0,0.0,0.0,0.0,0.0,0.0,0.0,0.0,0.0,0.0,0,0,0.0
2010-11,2010-11-16,KNI,NUG,NUG,10.02,2,4,0.5,0,1,0.0,2,3,0.667,0,0,0.0,0,1,1,1,0,0,0,0,6,5.0,11,0.75,0.75,0.75,0.0,0.0,10.4,5.0,14.3,0.0,0.0,0.0,15.5,160,119,9.8
2010-11,2010-11-17,KNI,KIN,KIN,12.22,1,3,0.333,1,1,1.0,0,2,0.0,1,2,0.5,0,0,0,1,1,0,0,1,3,2.2,2,0.387,0.333,0.667,0.667,0.0,0.0,0.0,11.9,4.2,0.0,0.0,14.4,101,114,-2.1
2010-11,2010-11-19,KNI,WAR,WAR,16.97,3,4,0.75,2,2,1.0,1,2,0.5,1,2,0.5,1,3,4,0,0,0,0,2,8,6.8,9,0.82,0.875,0.5,0.5,8.1,20.7,14.9,0.0,0.0,0.0,0.0,12.7,166,128,-0.8
2010-11,2010-11-20,KNI,CLI,CLI,13.82,0,2,0.0,0,0,0.0,0,2,0.0,0,0,0.0,0,0,0,0,0,0,0,0,0,-1.4,-3,0.0,0.0,1.0,0.0,0.0,0.0,0.0,0.0,0.0,0.0,0.0,6.3,0,129,-15.0
2010-11,2010-11-23,KNI,BOB,KNI,10.97,2,3,0.667,1,2,0.5,1,1,1.0,0,0,0.0,0,0,0,0,0,0,0,0,5,3.7,-6,0.833,0.833,0.333,0.0,0.0,0.0,0.0,0.0,0.0,0.0,0.0,12.6,158,121,2.5
2010-11,2010-11-24,KNI,BOB,BOB,16.23,4,6,0.667,2,2,1.0,2,4,0.5,0,0,0.0,1,0,1,0,0,0,1,0,10,7.1,-4,0.833,0.833,0.667,0.0,8.0,0.0,3.5,0.0,0.0,0.0,14.3,20.9,129,117,4.6
2010-11,2010-11-27,KNI,HAW,KNI,13.8,2,4,0.5,1,3,0.333,1,1,1.0,0,0,0.0,1,1,2,1,0,0,1,0,5,3.7,-7,0.625,0.625,0.25,0.0,8.5,7.4,7.9,12.4,0.0,0.0,20.0,18.6,110,120,0.9
2010-11,2010-11-28,KNI,PIS,PIS,11.9,2,5,0.4,0,1,0.0,2,4,0.5,0,0,0.0,0,1,1,1,1,0,0,3,6,4.1,3,0.6,0.6,0.8,0.0,0.0,10.8,5.5,15.6,4.7,0.0,0.0,20.1,129,106,5.0
2010-11,2010-11-30,KNI,NNE,KNI,10.83,1,5,0.2,1,3,0.333,0,2,0.0,0,0,0.0,0,1,1,1,0,0,1,2,2,-1.9,1,0.2,0.2,0.4,0.0,0.0,10.3,5.6,12.1,0.0,0.0,16.7,25.4,45,113,-22.7
2010-11,2010-12-03,KNI,NHO,NHO,4.28,0,2,0.0,0,0,0.0,0,2,0.0,0,0,0.0,0,0,0,0,0,0,2,0,0,-3.4,-5,0.0,0.0,1.0,0.0,0.0,0.0,0.0,0.0,0.0,0.0,50.0,43.8,0,105,-48.3
2010-11,2010-12-05,KNI,RAP,RAP,0.0,0,0,0.0,0,0,0.0,0,0,0.0,0,0,0.0,0,0,0,0,0,0,0,0,0,0.0,0,0.0,0.0,0.0,0.0,0.0,0.0,0.0,0.0,0.0,0.0,0.0,0.0,0,0,0.0
2010-11,2010-12-08,KNI,RAP,KNI,0.0,0,0,0.0,0,0,0.0,0,0,0.0,0,0,0.0,0,0,0,0,0,0,0,0,0,0.0,0,0.0,0.0,0.0,0.0,0.0,0.0,0.0,0.0,0.0,0.0,0.0,0.0,0,0,0.0
2010-11,2010-12-10,KNI,WIZ,WIZ,0.0,0,0,0.0,0,0,0.0,0,0,0.0,0,0,0.0,0,0,0,0,0,0,0,0,0,0.0,0,0.0,0.0,0.0,0.0,0.0,0.0,0.0,0.0,0.0,0.0,0.0,0.0,0,0,0.0
2010-11,2010-12-12,KNI,NUG,KNI,2.67,0,0,0.0,0,0,0.0,0,0,0.0,0,0,0.0,0,0,0,0,0,0,0,0,0,0.0,2,0.0,0.0,0.0,0.0,0.0,0.0,0.0,0.0,0.0,0.0,0.0,0.0,0,142,-8.3
2010-11,2010-12-15,KNI,CEL,KNI,0.0,0,0,0.0,0,0,0.0,0,0,0.0,0,0,0.0,0,0,0,0,0,0,0,0,0,0.0,0,0.0,0.0,0.0,0.0,0.0,0.0,0.0,0.0,0.0,0.0,0.0,0.0,0,0,0.0
2010-11,2010-12-17,KNI,HEA,KNI,5.27,1,3,0.333,1,2,0.5,0,1,0.0,0,0,0.0,1,1,2,1,0,0,1,0,2,1.0,-3,0.333,0.333,0.333,0.0,18.2,25.3,21.2,35.2,0.0,0.0,25.0,32.5,71,119,-7.4
2010-11,2010-12-18,KNI,CAV,CAV,0.0,0,0,0.0,0,0,0.0,0,0,0.0,0,0,0.0,0,0,0,0,0,0,0,0,0,0.0,0,0.0,0.0,0.0,0.0,0.0,0.0,0.0,0.0,0.0,0.0,0.0,0.0,0,0,0.0
2010-11,2010-12-22,KNI,THU,KNI,2.75,0,1,0.0,0,1,0.0,0,0,0.0,0,0,0.0,0,0,0,0,0,0,0,0,0,-0.7,-6,0.0,0.0,0.0,0.0,0.0,0.0,0.0,0.0,0.0,0.0,0.0,16.4,0,112,-22.4
2010-11,2010-12-25,KNI,BUL,KNI,0.0,0,0,0.0,0,0,0.0,0,0,0.0,0,0,0.0,0,0,0,0,0,0,0,0,0,0.0,0,0.0,0.0,0.0,0.0,0.0,0.0,0.0,0.0,0.0,0.0,0.0,0.0,0,0,0.0
2010-11,2010-12-28,KNI,HEA,HEA,4.55,0,0,0.0,0,0,0.0,0,0,0.0,0,0,0.0,0,0,0,0,0,0,0,1,0,-0.4,9,0.0,0.0,0.0,0.0,0.0,0.0,0.0,0.0,0.0,0.0,0.0,0.0,0,125,-9.8
2010-11,2010-12-30,KNI,MAG,MAG,5.38,0,0,0.0,0,0,0.0,0,0,0.0,0,0,0.0,0,2,2,1,0,0,1,1,0,-0.1,-12,0.0,0.0,0.0,0.0,0.0,43.5,20.7,23.5,0.0,0.0,100.0,8.2,42,107,-8.2
2010-11,2011-01-02,KNI,PAC,KNI,11.22,0,1,0.0,0,0,0.0,0,1,0.0,0,0,0.0,0,1,1,1,0,0,0,0,0,0.3,7,0.0,0.0,1.0,0.0,0.0,7.5,4.2,13.8,0.0,0.0,0.0,4.2,49,107,-6.7
2010-11,2011-01-04,KNI,SPU,KNI,17.8,2,6,0.333,1,1,1.0,1,5,0.2,1,1,1.0,0,2,2,1,1,0,1,2,6,3.1,-1,0.466,0.417,0.833,0.167,0.0,14.2,7.2,6.0,2.8,0.0,13.4,18.7,92,117,-7.1
2010-11,2011-01-07,KNI,SUN,SUN,20.73,3,4,0.75,1,2,0.5,2,2,1.0,0,1,0.0,0,9,9,2,0,0,3,2,8,6.3,18,0.901,1.0,0.5,0.25,0.0,42.5,22.4,11.9,0.0,0.0,40.3,14.6,101,96,2.7
2010-11,2011-01-09,KNI,LAK,LAK,21.73,3,7,0.429,0,0,0.0,3,7,0.429,0,3,0.0,0,2,2,0,1,1,1,3,9,4.2,0,0.541,0.643,1.0,0.429,0.0,8.5,4.3,0.0,2.2,3.0,10.7,18.9,82,112,-0.6
2010-11,2011-01-11,KNI,BLA,BLA,16.88,4,9,0.444,2,5,0.4,2,4,0.5,0,0,0.0,1,3,4,0,2,0,0,4,10,7.3,5,0.556,0.556,0.444,0.0,7.5,19.0,13.7,0.0,6.3,0.0,0.0,25.2,114,85,5.7
2010-11,2011-01-12,KNI,JAZ,JAZ,28.62,8,11,0.727,5,6,0.833,3,5,0.6,4,4,1.0,0,1,1,0,1,0,3,5,23,14.8,1,0.901,0.864,0.455,0.364,0.0,5.8,2.7,0.0,1.8,0.0,19.0,24.5,136,139,3.0
2010-11,2011-01-14,KNI,KIN,KNI,17.32,4,6,0.667,1,1,1.0,3,5,0.6,0,0,0.0,1,1,2,1,1,0,2,1,11,8.7,-3,0.917,0.917,0.833,0.0,4.5,5.8,5.1,15.5,2.7,0.0,25.0,19.1,127,94,12.3
2010-11,2011-01-17,KNI,SUN,KNI,17.28,3,4,0.75,0,0,0.0,3,4,0.75,0,0,0.0,0,5,5,1,0,1,2,1,9,7.9,5,1.125,1.125,1.0,0.0,0.0,33.1,16.1,7.6,0.0,4.0,33.3,14.6,125,123,7.5
2010-11,2011-01-19,KNI,ROC,ROC,10.43,0,2,0.0,0,1,0.0,0,1,0.0,0,0,0.0,0,0,0,0,1,1,0,0,0,0.3,2,0.0,0.0,0.5,0.0,0.0,0.0,0.0,0.0,4.9,8.2,0.0,8.9,0,102,-4.0
2010-11,2011-01-21,KNI,SPU,SPU,5.98,0,0,0.0,0,0,0.0,0,0,0.0,0,0,0.0,0,2,2,0,0,0,0,1,0,0.2,-1,0.0,0.0,0.0,0.0,0.0,40.1,17.1,0.0,0.0,0.0,0.0,0.0,0,104,-9.2
2010-11,2011-01-22,KNI,THU,THU,11.85,4,9,0.444,0,0,0.0,4,9,0.444,0,0,0.0,0,1,1,0,0,0,0,2,12,6.8,-6,0.667,0.667,1.0,0.0,0.0,7.6,4.2,0.0,0.0,0.0,0.0,34.3,120,116,11.5
2010-11,2011-01-24,KNI,WIZ,KNI,7.65,1,3,0.333,0,0,0.0,1,3,0.333,0,0,0.0,0,1,1,0,0,0,0,1,3,1.2,-2,0.5,0.5,1.0,0.0,0.0,16.5,7.2,0.0,0.0,0.0,0.0,16.4,106,112,-5.5
2010-11,2011-01-27,KNI,HEA,KNI,4.23,0,2,0.0,0,0,0.0,0,2,0.0,0,0,0.0,0,0,0,0,1,0,0,0,0,-0.4,4,0.0,0.0,1.0,0.0,0.0,0.0,0.0,0.0,12.6,0.0,0.0,21.3,0,81,-8.9
2010-11,2011-01-28,KNI,HAW,HAW,8.67,1,2,0.5,0,0,0.0,1,2,0.5,0,0,0.0,0,1,1,0,1,0,0,0,3,3.3,-2,0.75,0.75,1.0,0.0,0.0,15.0,6.9,0.0,6.1,0.0,0.0,10.6,145,114,8.7
2010-11,2011-01-30,KNI,PIS,KNI,8.23,1,2,0.5,1,2,0.5,0,0,0.0,3,4,0.75,0,0,0,0,0,0,0,1,5,3.2,1,0.665,0.5,0.0,2.0,0.0,0.0,0.0,0.0,0.0,0.0,0.0,21.1,153,128,-4.3
2010-11,2011-02-02,KNI,MAV,KNI,14.8,1,2,0.5,1,1,1.0,0,1,0.0,0,0,0.0,1,1,2,0,2,0,0,2,2,3.2,-6,0.5,0.5,0.5,0.0,6.6,8.3,7.4,0.0,6.7,0.0,0.0,6.2,117,110,-2.1
2010-11,2011-02-04,KNI,76E,76E,2.9,0,2,0.0,0,0,0.0,0,2,0.0,0,0,0.0,0,0,0,0,0,0,0,0,0,-1.4,-7,0.0,0.0,1.0,0.0,0.0,0.0,0.0,0.0,0.0,0.0,0.0,29.7,0,112,-30.9
2010-11,2011-02-06,KNI,76E,KNI,0.0,0,0,0.0,0,0,0.0,0,0,0.0,0,0,0.0,0,0,0,0,0,0,0,0,0,0.0,0,0.0,0.0,0.0,0.0,0.0,0.0,0.0,0.0,0.0,0.0,0.0,0.0,0,0,0.0
2010-11,2011-02-09,KNI,CLI,KNI,0.0,0,0,0.0,0,0,0.0,0,0,0.0,0,0,0.0,0,0,0,0,0,0,0,0,0,0.0,0,0.0,0.0,0.0,0.0,0.0,0.0,0.0,0.0,0.0,0.0,0.0,0.0,0,0,0.0
2010-11,2011-02-11,KNI,LAK,KNI,0.0,0,0,0.0,0,0,0.0,0,0,0.0,0,0,0.0,0,0,0,0,0,0,0,0,0,0.0,0,0.0,0.0,0.0,0.0,0.0,0.0,0.0,0.0,0.0,0.0,0.0,0.0,0,0,0.0
2010-11,2011-02-12,KNI,NNE,NNE,17.8,4,6,0.667,1,2,0.5,3,4,0.75,0,0,0.0,1,5,6,2,2,0,1,3,11,11.8,12,0.917,0.917,0.667,0.0,5.7,28.7,17.2,20.6,5.6,0.0,14.3,17.8,149,88,16.0
2010-11,2011-02-16,KNI,HAW,KNI,6.95,0,0,0.0,0,0,0.0,0,0,0.0,0,0,0.0,0,1,1,0,0,0,0,0,0,0.3,4,0.0,0.0,0.0,0.0,0.0,15.7,8.4,0.0,0.0,0.0,0.0,0.0,0,105,-6.3
2010-11,2011-02-23,KNI,BUC,KNI,16.67,1,4,0.25,0,1,0.0,1,3,0.333,0,0,0.0,0,2,2,2,0,0,0,1,3,2.2,3,0.375,0.375,0.75,0.0,0.0,12.0,6.9,15.5,0.0,0.0,0.0,10.5,103,117,-1.9
2010-11,2011-02-25,KNI,CAV,CAV,13.03,3,5,0.6,1,2,0.5,2,3,0.667,0,0,0.0,0,2,2,1,0,0,1,2,8,5.2,1,0.8,0.8,0.6,0.0,0.0,15.3,7.1,13.2,0.0,0.0,16.7,18.6,124,115,3.3
2010-11,2011-02-27,KNI,HEA,HEA,25.13,3,7,0.429,1,1,1.0,2,6,0.333,2,2,1.0,0,7,7,1,1,0,2,0,10,8.1,22,0.635,0.571,0.857,0.286,0.0,32.6,15.7,7.6,2.0,0.0,20.2,17.8,101,88,6.0
2010-11,2011-03-01,KNI,MAG,MAG,11.27,2,6,0.333,1,3,0.333,1,3,0.333,0,0,0.0,0,2,2,0,0,0,0,3,5,1.0,1,0.417,0.417,0.5,0.0,0.0,24.3,10.3,0.0,0.0,0.0,0.0,22.3,87,121,-8.7
2010-11,2011-03-02,KNI,NHO,KNI,17.22,0,3,0.0,0,0,0.0,0,3,0.0,0,0,0.0,0,3,3,0,0,0,0,3,0,-2.4,12,0.0,0.0,1.0,0.0,0.0,20.9,11.3,0.0,0.0,0.0,0.0,8.2,0,101,-15.7
2010-11,2011-03-04,KNI,CAV,KNI,7.53,0,1,0.0,0,0,0.0,0,1,0.0,0,0,0.0,0,2,2,0,0,0,0,0,0,-0.1,-5,0.0,0.0,1.0,0.0,0.0,30.3,16.8,0.0,0.0,0.0,0.0,6.0,0,127,-11.1
2010-11,2011-03-09,KNI,GRI,GRI,0.0,0,0,0.0,0,0,0.0,0,0,0.0,0,0,0.0,0,0,0,0,0,0,0,0,0,0.0,0,0.0,0.0,0.0,0.0,0.0,0.0,0.0,0.0,0.0,0.0,0.0,0.0,0,0,0.0
2010-11,2011-03-10,KNI,MAV,MAV,5.1,0,1,0.0,0,0,0.0,0,1,0.0,0,0,0.0,0,1,1,1,0,0,0,0,0,0.3,-6,0.0,0.0,1.0,0.0,0.0,21.9,11.2,27.7,0.0,0.0,0.0,8.7,51,135,-7.4
2010-11,2011-03-13,KNI,PAC,KNI,6.08,2,2,1.0,0,0,0.0,2,2,1.0,0,0,0.0,0,2,2,0,0,0,0,0,6,6.0,7,1.5,1.5,1.0,0.0,0.0,46.4,20.5,0.0,0.0,0.0,0.0,14.1,300,117,35.9
2010-11,2011-03-15,KNI,PAC,PAC,3.03,0,1,0.0,0,0,0.0,0,1,0.0,0,0,0.0,0,0,0,0,0,1,0,1,0,-0.4,-4,0.0,0.0,1.0,0.0,0.0,0.0,0.0,0.0,0.0,20.6,0.0,13.7,0,109,-10.9
2010-11,2011-03-17,KNI,GRI,KNI,0.0,0,0,0.0,0,0,0.0,0,0,0.0,0,0,0.0,0,0,0,0,0,0,0,0,0,0.0,0,0.0,0.0,0.0,0.0,0.0,0.0,0.0,0.0,0.0,0.0,0.0,0.0,0,0,0.0
2010-11,2011-03-18,KNI,PIS,PIS,0.0,0,0,0.0,0,0,0.0,0,0,0.0,0,0,0.0,0,0,0,0,0,0,0,0,0,0.0,0,0.0,0.0,0.0,0.0,0.0,0.0,0.0,0.0,0.0,0.0,0.0,0.0,0,0,0.0
2010-11,2011-03-20,KNI,BUC,BUC,0.0,0,0,0.0,0,0,0.0,0,0,0.0,0,0,0.0,0,0,0,0,0,0,0,0,0,0.0,0,0.0,0.0,0.0,0.0,0.0,0.0,0.0,0.0,0.0,0.0,0.0,0.0,0,0,0.0
2010-11,2011-03-21,KNI,CEL,KNI,0.0,0,0,0.0,0,0,0.0,0,0,0.0,0,0,0.0,0,0,0,0,0,0,0,0,0,0.0,0,0.0,0.0,0.0,0.0,0.0,0.0,0.0,0.0,0.0,0.0,0.0,0.0,0,0,0.0
2010-11,2011-03-23,KNI,MAG,KNI,0.0,0,0,0.0,0,0,0.0,0,0,0.0,0,0,0.0,0,0,0,0,0,0,0,0,0,0.0,0,0.0,0.0,0.0,0.0,0.0,0.0,0.0,0.0,0.0,0.0,0.0,0.0,0,0,0.0
2010-11,2011-03-26,KNI,BOB,BOB,7.1,1,3,0.333,1,1,1.0,0,2,0.0,0,0,0.0,0,1,1,0,0,0,0,0,2,0.6,-4,0.333,0.333,0.667,0.0,0.0,15.0,8.0,0.0,0.0,0.0,0.0,18.4,73,128,-11.7
2010-11,2011-03-28,KNI,MAG,KNI,14.2,2,5,0.4,0,1,0.0,2,4,0.5,0,0,0.0,2,1,3,1,2,0,2,3,6,4.5,7,0.6,0.6,0.8,0.0,16.2,9.1,12.9,13.6,7.4,0.0,28.6,23.1,101,94,6.7
2010-11,2011-03-30,KNI,NNE,KNI,9.83,1,3,0.333,1,2,0.5,0,1,0.0,0,2,0.0,0,0,0,0,0,0,0,1,2,-0.9,-13,0.258,0.333,0.333,0.667,0.0,0.0,0.0,0.0,0.0,0.0,0.0,17.5,53,128,-18.5
2010-11,2011-04-03,KNI,CAV,KNI,13.32,4,5,0.8,2,2,1.0,2,3,0.667,3,3,1.0,0,4,4,1,0,0,0,1,13,12.6,16,1.028,1.0,0.6,0.6,0.0,42.4,19.5,13.6,0.0,0.0,0.0,20.8,208,110,18.0
2010-11,2011-04-05,KNI,RAP,KNI,23.3,3,8,0.375,2,4,0.5,1,4,0.25,1,1,1.0,0,3,3,1,0,0,1,3,8,3.0,6,0.474,0.438,0.5,0.125,0.0,13.7,7.7,5.3,0.0,0.0,10.6,18.4,90,125,-13.6
2010-11,2011-04-06,KNI,76E,76E,13.17,2,5,0.4,2,2,1.0,0,3,0.0,0,0,0.0,1,5,6,1,1,1,0,2,4,5.1,-3,0.4,0.4,0.6,0.0,7.8,36.5,22.5,12.7,4.2,4.9,0.0,18.0,106,86,4.1
2010-11,2011-04-08,KNI,NNE,NNE,25.78,2,8,0.25,0,3,0.0,2,5,0.4,4,6,0.667,2,3,5,1,1,0,2,4,10,4.8,12,0.47,0.375,0.625,0.75,8.7,13.0,10.8,4.7,1.9,0.0,15.8,21.1,96,97,-7.5
2010-11,2011-04-10,KNI,PAC,PAC,14.8,0,2,0.0,0,1,0.0,0,1,0.0,2,2,1.0,0,3,3,1,1,1,1,3,2,1.7,-10,0.347,0.0,0.5,1.0,0.0,20.7,10.8,10.5,3.2,4.4,25.8,11.4,67,103,-5.5
2010-11,2011-04-12,KNI,BUL,KNI,22.0,6,12,0.5,3,5,0.6,3,7,0.429,3,3,1.0,0,3,3,0,0,0,1,3,18,10.7,10,0.676,0.625,0.583,0.25,0.0,16.4,7.8,0.0,0.0,0.0,7.0,30.8,117,116,5.0
2010-11,2011-04-13,KNI,CEL,CEL,23.83,3,6,0.5,2,3,0.667,1,3,0.333,5,6,0.833,0,3,3,2,0,0,0,2,12,10.1,2,0.694,0.583,0.5,1.0,0.0,20.1,7.8,12.2,0.0,0.0,0.0,15.8,153,119,1.0
2010-11,2011-04-17,KNI,CEL,CEL,17.32,3,5,0.6,2,4,0.5,1,1,1.0,0,0,0.0,1,0,1,0,0,0,2,3,7,2.2,-4,0.7,0.7,0.2,0.0,6.6,0.0,3.6,0.0,0.0,0.0,28.6,19.6,97,114,-5.5
2010-11,2011-04-19,KNI,CEL,CEL,32.52,0,11,0.0,0,6,0.0,0,5,0.0,2,2,1.0,2,6,8,1,2,0,1,1,2,-1.2,10,0.084,0.0,0.455,0.182,6.2,21.1,13.1,4.6,3.4,0.0,7.8,16.7,37,106,-12.5
2010-11,2011-04-22,KNI,CEL,KNI,24.38,4,9,0.444,3,8,0.375,1,1,1.0,0,1,0.0,1,0,1,1,2,0,2,3,9,4.1,6,0.477,0.5,0.111,0.111,4.7,0.0,2.6,7.8,4.3,0.0,17.5,21.2,86,122,-5.7
2010-11,2011-04-24,KNI,CEL,KNI,14.92,2,5,0.4,1,1,1.0,1,4,0.25,0,0,0.0,1,2,3,2,1,0,2,2,5,3.2,-5,0.5,0.5,0.8,0.0,5.6,16.9,10.2,27.3,3.3,0.0,28.6,19.7,82,100,1.4
2011-12,2011-12-25,KNI,CEL,KNI,14.72,0,1,0.0,0,0,0.0,0,1,0.0,0,0,0.0,0,0,0,0,0,0,3,4,0,-5.3,-5,0.0,0.0,1.0,0.0,0.0,0.0,0.0,0.0,0.0,0.0,75.0,12.4,0,121,-24.9
2011-12,2011-12-28,KNI,WAR,WAR,27.3,6,8,0.75,4,5,0.8,2,3,0.667,0,0,0.0,1,1,2,0,1,0,1,2,14,11.0,-11,0.875,0.875,0.375,0.0,4.4,4.6,4.5,0.0,2.0,0.0,11.1,16.5,140,106,8.8
2011-12,2011-12-29,KNI,LAK,LAK,17.28,0,3,0.0,0,1,0.0,0,2,0.0,1,2,0.5,0,0,0,1,3,0,0,5,1,0.2,-15,0.129,0.0,0.667,0.667,0.0,0.0,0.0,13.2,9.6,0.0,0.0,11.1,41,102,-6.8
2011-12,2011-12-31,KNI,KIN,KIN,30.63,5,8,0.625,4,6,0.667,1,2,0.5,0,0,0.0,2,2,4,6,0,0,2,5,11,9.6,13,0.688,0.688,0.25,0.0,6.8,6.5,6.7,29.2,0.0,0.0,20.0,13.9,132,111,3.0
2011-12,2012-01-02,KNI,RAP,KNI,24.23,2,6,0.333,1,3,0.333,1,3,0.333,2,2,1.0,0,1,1,1,0,0,1,4,7,2.0,-13,0.509,0.417,0.5,0.333,0.0,5.4,2.4,8.2,0.0,0.0,12.7,15.6,93,103,-6.7
2011-12,2012-01-04,KNI,BOB,KNI,16.32,2,4,0.5,0,0,0.0,2,4,0.5,0,0,0.0,0,0,0,2,1,0,1,3,6,4.2,5,0.75,0.75,1.0,0.0,0.0,0.0,0.0,16.3,3.0,0.0,20.0,13.3,130,121,0.8
2011-12,2012-01-06,KNI,WIZ,WIZ,20.23,1,3,0.333,1,1,1.0,0,2,0.0,0,0,0.0,0,4,4,2,1,1,1,2,2,2.8,-3,0.333,0.333,0.667,0.0,0.0,21.6,10.2,13.0,2.3,3.3,25.0,8.1,73,92,-2.7
2011-12,2012-01-07,KNI,PIS,PIS,19.18,1,3,0.333,1,1,1.0,0,2,0.0,0,0,0.0,0,1,1,3,1,0,0,3,2,2.5,-1,0.333,0.333,0.667,0.0,0.0,4.9,2.8,20.6,2.8,0.0,0.0,7.3,114,94,-2.7
2011-12,2012-01-09,KNI,BOB,KNI,14.58,0,2,0.0,0,0,0.0,0,2,0.0,0,0,0.0,0,2,2,0,0,1,0,3,0,-1.3,-2,0.0,0.0,1.0,0.0,0.0,14.3,6.6,0.0,0.0,5.2,0.0,6.1,0,95,-11.7
2011-12,2012-01-11,KNI,76E,KNI,16.72,1,3,0.333,0,0,0.0,1,3,0.333,0,0,0.0,0,4,4,1,0,0,0,2,3,2.4,8,0.5,0.5,1.0,0.0,0.0,25.0,13.8,9.9,0.0,0.0,0.0,8.1,119,88,1.5
2011-12,2012-01-12,KNI,GRI,GRI,21.37,5,8,0.625,1,1,1.0,4,7,0.571,0,0,0.0,0,3,3,1,1,1,0,4,14,12.1,2,0.875,0.875,0.875,0.0,0.0,16.4,7.6,11.4,2.4,3.6,0.0,17.0,159,94,17.4
2011-12,2012-01-14,KNI,THU,THU,20.83,1,6,0.167,1,2,0.5,0,4,0.0,1,2,0.5,1,6,7,3,1,0,1,3,3,2.2,-15,0.218,0.167,0.667,0.333,5.0,39.5,19.9,21.8,2.4,0.0,12.7,16.0,67,105,-5.4
2011-12,2012-01-16,KNI,MAG,KNI,9.98,0,1,0.0,0,0,0.0,0,1,0.0,0,0,0.0,0,1,1,0,0,0,0,1,0,-0.8,-11,0.0,0.0,1.0,0.0,0.0,13.7,6.4,0.0,0.0,0.0,0.0,4.9,0,119,-12.5
2011-12,2012-01-18,KNI,SUN,KNI,0.0,0,0,0.0,0,0,0.0,0,0,0.0,0,0,0.0,0,0,0,0,0,0,0,0,0,0.0,0,0.0,0.0,0.0,0.0,0.0,0.0,0.0,0.0,0.0,0.0,0.0,0.0,0,0,0.0
2011-12,2012-01-20,KNI,BUC,KNI,21.65,1,4,0.25,0,1,0.0,1,3,0.333,0,0,0.0,0,2,2,1,1,0,1,3,3,0.7,-1,0.375,0.375,0.75,0.0,0.0,10.3,4.9,8.9,2.3,0.0,20.0,9.9,70,106,-5.1
2011-12,2012-01-21,KNI,NUG,KNI,11.0,5,6,0.833,2,2,1.0,3,4,0.75,2,2,1.0,0,0,0,0,0,0,2,2,15,10.0,5,1.09,1.083,0.667,0.333,0.0,0.0,0.0,0.0,0.0,0.0,22.5,36.2,135,110,22.2
2011-12,2012-01-24,KNI,BOB,BOB,18.05,1,6,0.167,0,1,0.0,1,5,0.2,2,2,1.0,0,1,1,0,1,0,2,1,5,0.1,4,0.363,0.25,0.833,0.333,0.0,5.4,3.1,0.0,2.9,0.0,22.5,22.4,65,88,-13.1
2011-12,2012-01-25,KNI,CAV,CAV,18.27,1,3,0.333,1,1,1.0,0,2,0.0,0,0,0.0,0,5,5,3,0,0,1,1,2,2.5,-5,0.333,0.333,0.667,0.0,0.0,28.0,14.9,26.8,0.0,0.0,25.0,9.8,78,97,-1.6
2011-12,2012-01-27,KNI,HEA,HEA,31.03,7,12,0.583,0,2,0.0,7,10,0.7,0,0,0.0,1,6,7,1,1,1,6,6,21,11.9,3,0.875,0.875,0.833,0.0,3.6,25.8,13.7,8.1,1.6,2.2,33.3,25.5,95,102,7.9
2011-12,2012-01-28,KNI,ROC,ROC,22.05,2,9,0.222,1,2,0.5,1,7,0.143,0,0,0.0,1,4,5,2,0,0,1,2,5,1.0,-2,0.278,0.278,0.778,0.0,4.1,25.6,12.5,14.7,0.0,0.0,10.0,19.5,68,109,-7.6
2011-12,2012-01-31,KNI,PIS,KNI,15.08,4,7,0.571,2,2,1.0,2,5,0.4,1,1,1.0,0,1,1,0,1,0,2,5,11,5.0,0,0.739,0.714,0.714,0.143,0.0,8.8,4.9,0.0,3.6,0.0,21.2,32.3,102,97,-6.4
2011-12,2012-02-02,KNI,BUL,KNI,8.52,0,1,0.0,0,0,0.0,0,1,0.0,0,0,0.0,1,0,1,0,1,0,1,1,0,-0.4,-4,0.0,0.0,1.0,0.0,13.7,0.0,7.6,0.0,6.1,0.0,50.0,10.2,30,108,-8.0
2011-12,2012-02-03,KNI,CEL,CEL,9.8,1,3,0.333,1,2,0.5,0,1,0.0,0,0,0.0,0,0,0,0,1,0,0,1,2,0.9,4,0.333,0.333,0.333,0.0,0.0,0.0,0.0,0.0,5.8,0.0,0.0,14.4,79,109,-5.5
2011-12,2012-02-04,KNI,NNE,KNI,15.15,1,1,1.0,0,0,0.0,1,1,1.0,4,4,1.0,0,1,1,1,1,1,1,2,7,7.6,8,1.268,1.5,1.0,4.0,0.0,7.5,3.6,9.4,3.6,6.9,26.6,11.0,178,98,14.7
2011-12,2012-02-06,KNI,JAZ,KNI,29.6,4,10,0.4,1,1,1.0,3,9,0.333,0,0,0.0,0,5,5,0,0,0,0,5,11,5.1,-1,0.55,0.55,0.9,0.0,0.0,19.8,11.0,0.0,0.0,0.0,0.0,15.6,111,97,-1.5
2011-12,2012-02-08,KNI,WIZ,WIZ,26.5,2,10,0.2,1,2,0.5,1,8,0.125,0,0,0.0,1,5,6,1,0,0,0,1,5,1.3,7,0.25,0.25,0.8,0.0,4.3,21.6,12.9,5.4,0.0,0.0,0.0,17.5,69,106,-10.6
2011-12,2012-02-10,KNI,LAK,KNI,30.6,3,11,0.273,2,7,0.286,1,4,0.25,0,0,0.0,0,3,3,2,1,0,2,3,7,0.6,16,0.318,0.318,0.364,0.0,0.0,10.5,5.3,11.1,1.7,0.0,15.4,19.2,61,94,-6.3
2011-12,2012-02-11,KNI,TIM,TIM,24.2,0,5,0.0,0,3,0.0,0,2,0.0,3,4,0.75,0,2,2,2,1,0,1,1,3,0.7,-4,0.222,0.0,0.4,0.8,0.0,9.7,4.7,9.9,1.9,0.0,12.9,13.7,56,99,-6.5
2011-12,2012-02-14,KNI,RAP,RAP,30.07,3,8,0.375,1,1,1.0,2,7,0.286,0,0,0.0,1,2,3,1,1,0,2,4,8,3.0,-1,0.5,0.5,0.875,0.0,3.9,9.7,6.5,5.7,1.8,0.0,20.0,14.8,85,100,-3.6
2011-12,2012-02-15,KNI,KIN,KNI,19.78,6,9,0.667,4,6,0.667,2,3,0.667,0,0,0.0,0,3,3,2,0,1,0,1,14,12.7,22,0.778,0.778,0.333,0.0,0.0,14.9,8.8,19.9,0.0,3.5,0.0,21.3,152,92,15.7
2011-12,2012-02-17,KNI,NHO,KNI,25.73,1,5,0.2,1,1,1.0,0,4,0.0,0,0,0.0,0,6,6,1,0,1,3,2,2,-1.7,-4,0.2,0.2,0.8,0.0,0.0,27.3,13.3,6.4,0.0,3.0,37.5,13.7,34,98,-10.3
2011-12,2012-03-31,KNI,CAV,KNI,0.0,0,0,0.0,0,0,0.0,0,0,0.0,0,0,0.0,0,0,0,0,0,0,0,0,0,0.0,0,0.0,0.0,0.0,0.0,0.0,0.0,0.0,0.0,0.0,0.0,0.0,0.0,0,0,0.0
2011-12,2012-04-05,KNI,MAG,MAG,0.0,0,0,0.0,0,0,0.0,0,0,0.0,0,0,0.0,0,0,0,0,0,0,0,0,0,0.0,0,0.0,0.0,0.0,0.0,0.0,0.0,0.0,0.0,0.0,0.0,0.0,0.0,0,0,0.0
2011-12,2012-04-08,KNI,BUL,KNI,0.0,0,0,0.0,0,0,0.0,0,0,0.0,0,0,0.0,0,0,0,0,0,0,0,0,0,0.0,0,0.0,0.0,0.0,0.0,0.0,0.0,0.0,0.0,0.0,0.0,0.0,0.0,0,0,0.0
2011-12,2012-04-10,KNI,BUL,BUL,1.27,1,2,0.5,1,2,0.5,0,0,0.0,0,0,0.0,0,0,0,0,0,0,0,1,2,0.6,-2,0.5,0.5,0.0,0.0,0.0,0.0,0.0,0.0,0.0,0.0,0.0,77.1,105,119,-11.9
2011-12,2012-04-11,KNI,BUC,BUC,0.0,0,0,0.0,0,0,0.0,0,0,0.0,0,0,0.0,0,0,0,0,0,0,0,0,0,0.0,0,0.0,0.0,0.0,0.0,0.0,0.0,0.0,0.0,0.0,0.0,0.0,0.0,0,0,0.0
2011-12,2012-04-13,KNI,WIZ,KNI,0.0,0,0,0.0,0,0,0.0,0,0,0.0,0,0,0.0,0,0,0,0,0,0,0,0,0,0.0,0,0.0,0.0,0.0,0.0,0.0,0.0,0.0,0.0,0.0,0.0,0.0,0.0,0,0,0.0
2011-12,2012-04-15,KNI,HEA,KNI,0.0,0,0,0.0,0,0,0.0,0,0,0.0,0,0,0.0,0,0,0,0,0,0,0,0,0,0.0,0,0.0,0.0,0.0,0.0,0.0,0.0,0.0,0.0,0.0,0.0,0.0,0.0,0,0,0.0
2011-12,2012-04-17,KNI,CEL,KNI,0.0,0,0,0.0,0,0,0.0,0,0,0.0,0,0,0.0,0,0,0,0,0,0,0,0,0,0.0,0,0.0,0.0,0.0,0.0,0.0,0.0,0.0,0.0,0.0,0.0,0.0,0.0,0,0,0.0
2011-12,2012-04-18,KNI,NNE,NNE,8.57,1,3,0.333,1,2,0.5,0,1,0.0,1,1,1.0,0,0,0,0,0,0,0,1,3,0.9,-7,0.436,0.333,0.333,0.333,0.0,0.0,0.0,0.0,0.0,0.0,0.0,18.8,93,115,-12.2
2014-15,2015-02-21,HEA,PEL,HEA,0.0,0,0,0.0,0,0,0.0,0,0,0.0,0,0,0.0,0,0,0,0,0,0,0,0,0,0.0,0,0.0,0.0,0.0,0.0,0.0,0.0,0.0,0.0,0.0,0.0,0.0,0.0,0,0,0.0
2014-15,2015-02-23,HEA,76E,HEA,21.13,4,5,0.8,1,1,1.0,3,4,0.75,0,0,0.0,0,1,1,0,0,0,1,1,11,8.0,-6,1.1,1.1,0.8,0.0,0.0,5.3,2.9,0.0,0.0,0.0,16.7,12.5,159,118,5.2
2014-15,2015-02-25,HEA,MAG,MAG,33.27,3,13,0.231,1,2,0.5,2,11,0.182,2,2,1.0,0,6,6,2,2,0,0,3,10,6.1,5,0.36,0.308,0.846,0.154,0.0,20.8,10.4,11.7,3.3,0.0,0.0,20.1,82,88,0.6
2014-15,2015-02-27,HEA,PEL,PEL,30.67,6,13,0.462,2,4,0.5,4,9,0.444,0,2,0.0,0,3,3,1,0,1,0,3,16,9.6,-2,0.576,0.615,0.692,0.154,0.0,14.7,6.9,5.0,0.0,2.6,0.0,22.4,113,119,1.2
2014-15,2015-02-28,HEA,HAW,HEA,26.33,3,16,0.188,1,5,0.2,2,11,0.182,2,2,1.0,0,2,2,1,0,0,2,3,10,-1.9,-4,0.296,0.25,0.688,0.125,0.0,8.9,4.3,6.9,0.0,0.0,10.6,30.4,66,106,-14.6
2014-15,2015-03-02,HEA,SUN,HEA,12.23,0,0,0.0,0,0,0.0,0,0,0.0,0,0,0.0,0,4,4,1,0,0,0,5,0,-0.1,4,0.0,0.0,0.0,0.0,0.0,33.4,17.8,9.1,0.0,0.0,0.0,0.0,216,99,-6.7
2014-15,2015-03-04,HEA,LAK,HEA,25.37,3,10,0.3,1,4,0.25,2,6,0.333,0,0,0.0,0,1,1,1,1,0,1,1,8,2.8,-1,0.4,0.4,0.6,0.0,0.0,3.9,2.0,7.2,1.9,0.0,9.1,18.4,81,98,-4.1
2014-15,2015-03-06,HEA,WIZ,WIZ,32.6,3,12,0.25,1,3,0.333,2,9,0.222,0,0,0.0,0,4,4,0,0,0,1,4,8,-0.6,-13,0.333,0.333,0.75,0.0,0.0,15.1,7.4,0.0,0.0,0.0,7.7,18.9,64,111,-12.1
2014-15,2015-03-07,HEA,KIN,HEA,36.22,4,8,0.5,3,3,1.0,1,5,0.2,2,2,1.0,0,3,3,2,2,3,1,6,11,10.0,14,0.619,0.563,0.625,0.25,0.0,10.5,5.5,8.3,2.9,7.0,10.1,13.4,114,104,0.9
2014-15,2015-03-09,HEA,CEL,HEA,25.25,0,2,0.0,0,0,0.0,0,2,0.0,2,2,1.0,0,4,4,0,0,0,2,2,2,-1.0,6,0.347,0.0,1.0,1.0,0.0,17.7,10.1,0.0,0.0,0.0,41.0,9.6,43,118,-11.3
2014-15,2015-03-11,HEA,NET,HEA,30.78,3,6,0.5,0,0,0.0,3,6,0.5,0,0,0.0,1,5,6,2,4,0,0,5,9,11.6,9,0.75,0.75,1.0,0.0,3.8,18.6,11.3,9.6,6.6,0.0,0.0,8.7,158,94,8.4
2014-15,2015-03-13,HEA,RAP,RAP,22.43,3,12,0.25,1,3,0.333,2,9,0.222,0,0,0.0,0,2,2,2,4,0,0,3,8,5.6,-13,0.333,0.333,0.75,0.0,0.0,9.3,4.9,15.0,8.6,0.0,0.0,23.4,75,91,3.2
2014-15,2015-03-16,HEA,CAV,HEA,23.87,1,4,0.25,0,0,0.0,1,4,0.25,0,0,0.0,0,7,7,1,0,0,3,6,3,-2.0,6,0.375,0.375,1.0,0.0,0.0,30.6,18.3,5.0,0.0,0.0,42.9,14.0,49,99,-11.9
2014-15,2015-03-18,HEA,BLA,HEA,0.0,0,0,0.0,0,0,0.0,0,0,0.0,0,0,0.0,0,0,0,0,0,0,0,0,0,0.0,0,0.0,0.0,0.0,0.0,0.0,0.0,0.0,0.0,0.0,0.0,0.0,0.0,0,0,0.0
2014-15,2015-03-20,HEA,NUG,HEA,19.65,3,6,0.5,0,1,0.0,3,5,0.6,0,0,0.0,0,3,3,2,0,2,0,3,9,8.5,19,0.75,0.75,0.833,0.0,0.0,16.7,9.3,13.7,0.0,9.4,0.0,13.9,161,96,11.4
2014-15,2015-03-22,HEA,THU,THU,21.25,0,6,0.0,0,2,0.0,0,4,0.0,0,0,0.0,1,3,4,0,0,0,1,2,0,-4.4,-8,0.0,0.0,0.667,0.0,5.3,13.8,9.8,0.0,0.0,0.0,14.3,15.0,8,107,-17.7
2014-15,2015-03-24,HEA,BUC,BUC,26.8,3,4,0.75,0,0,0.0,3,4,0.75,0,0,0.0,0,4,4,0,1,0,2,2,9,6.8,3,1.125,1.125,1.0,0.0,0.0,15.6,8.2,0.0,2.0,0.0,33.3,10.6,118,98,4.2
2014-15,2015-03-25,HEA,CEL,CEL,27.52,4,8,0.5,0,0,0.0,4,8,0.5,0,0,0.0,1,3,4,2,0,0,2,4,12,7.4,0,0.75,0.75,1.0,0.0,4.3,13.1,8.6,12.9,0.0,0.0,20.0,16.9,114,100,3.7
2014-15,2015-03-27,HEA,HAW,HAW,39.55,4,12,0.333,0,1,0.0,4,11,0.364,0,0,0.0,2,7,9,5,4,0,3,3,12,12.0,-6,0.5,0.5,0.917,0.0,5.5,24.3,13.8,22.4,5.3,0.0,20.0,17.1,96,101,4.8
2014-15,2015-03-29,HEA,PIS,HEA,34.33,2,5,0.4,0,1,0.0,2,4,0.5,0,0,0.0,0,5,5,1,1,0,1,3,6,4.3,11,0.6,0.6,0.8,0.0,0.0,15.5,8.4,3.9,1.6,0.0,16.7,8.0,111,113,-2.8
2014-15,2015-03-31,HEA,SPU,HEA,25.88,1,3,0.333,1,1,1.0,0,2,0.0,0,0,0.0,0,2,2,0,0,0,1,4,2,-1.7,-19,0.333,0.333,0.667,0.0,0.0,12.0,5.2,0.0,0.0,0.0,25.0,7.3,53,113,-9.3
2014-15,2015-04-02,HEA,CAV,CAV,17.18,1,3,0.333,0,1,0.0,1,2,0.5,0,0,0.0,0,1,1,1,2,1,0,4,3,3.4,-5,0.5,0.5,0.667,0.0,0.0,7.4,3.5,9.6,6.1,6.2,0.0,8.4,107,113,2.5
2014-15,2015-04-04,HEA,PIS,PIS,21.47,0,5,0.0,0,2,0.0,0,3,0.0,3,3,1.0,0,2,2,2,1,0,0,2,3,1.7,8,0.237,0.0,0.6,0.6,0.0,13.2,6.4,12.1,2.5,0.0,0.0,13.8,78,112,-6.6
2014-15,2015-04-05,HEA,PAC,PAC,18.82,1,3,0.333,1,1,1.0,0,2,0.0,0,0,0.0,0,0,0,1,1,2,1,3,2,1.2,-11,0.333,0.333,0.667,0.0,0.0,0.0,0.0,7.4,2.8,9.3,25.0,9.8,59,122,-3.8
2014-15,2015-04-07,HEA,HOR,HEA,6.95,0,2,0.0,0,1,0.0,0,1,0.0,0,0,0.0,0,1,1,0,0,0,0,0,0,-1.1,-1,0.0,0.0,0.5,0.0,0.0,14.1,7.9,0.0,0.0,0.0,0.0,13.2,0,111,-17.4
2014-15,2015-04-09,HEA,BUL,HEA,0.0,0,0,0.0,0,0,0.0,0,0,0.0,0,0,0.0,0,0,0,0,0,0,0,0,0,0.0,0,0.0,0.0,0.0,0.0,0.0,0.0,0.0,0.0,0.0,0.0,0.0,0.0,0,0,0.0
2014-15,2015-04-11,HEA,RAP,HEA,0.0,0,0,0.0,0,0,0.0,0,0,0.0,0,0,0.0,0,0,0,0,0,0,0,0,0,0.0,0,0.0,0.0,0.0,0.0,0.0,0.0,0.0,0.0,0.0,0.0,0.0,0.0,0,0,0.0
2014-15,2015-04-13,HEA,MAG,HEA,0.0,0,0,0.0,0,0,0.0,0,0,0.0,0,0,0.0,0,0,0,0,0,0,0,0,0,0.0,0,0.0,0.0,0.0,0.0,0.0,0.0,0.0,0.0,0.0,0.0,0.0,0.0,0,0,0.0
2014-15,2015-04-15,HEA,76E,76E,48.0,6,10,0.6,0,0,0.0,6,10,0.6,3,5,0.6,2,2,4,2,1,0,2,4,21,16.4,4,0.861,0.9,1.0,0.5,4.5,4.7,4.6,6.1,1.0,0.0,14.1,12.5,146,111,2.0
